5	70	83	7	4.000000	2.000000	0.0000
5	149	51	7	8.000000	2.000000	0.0000
5	44	36	8	4.000000	2.000000	0.0000
5	55	53	8	4.000000	2.000000	0.0000
5	45	37	8	8.000000	2.000000	0.0000
5	142	21	9	4.000000	2.000000	0.0000
5	51	38	9	4.000000	2.000000	0.0000
5	50	38	9	8.000000	2.000000	0.0000
5	56	51	9	8.000000	2.000000	0.0000
5	66	62	9	16.000000	2.000000	0.0000
5	131	19	10	4.000000	2.000000	0.0000
5	77	87	10	4.000000	2.000000	0.0000
5	70	62	10	8.000000	2.000000	0.0000
5	70	24	11	4.000000	2.000000	0.0000
5	151	37	11	4.000000	2.000000	0.0000
5	72	61	11	4.000000	2.000000	0.0000
5	130	21	11	8.000000	2.000000	0.0000
5	68	23	11	8.000000	2.000000	0.0000
5	64	22	11	16.000000	2.000000	0.0000
5	80	27	12	4.000000	2.000000	0.0000
5	82	84	12	32.000000	2.000000	0.0000
5	76	80	12	64.000000	2.000000	0.0000
5	89	64	13	4.000000	2.000000	0.0000
5	77	95	13	4.000000	2.000000	0.0000
5	66	96	13	4.000000	2.000000	0.0000
5	70	61	9	4.000000	4.000000	0.0000
5	67	38	13	8.000000	2.000000	0.0000
5	142	44	13	8.000000	2.000000	0.0000
5	68	96	13	8.000000	2.000000	0.0000
5	126	20	13	16.000000	2.000000	0.0000
5	124	14	13	32.000000	2.000000	0.0000
5	72	10	14	4.000000	2.000000	0.0000
5	53	22	14	4.000000	2.000000	0.0000
5	68	37	14	4.000000	2.000000	0.0000
5	83	80	14	4.000000	2.000000	0.0000
5	132	19	10	4.000000	4.000000	0.0000
5	52	37	10	4.000000	4.000000	0.0000
5	52	22	14	8.000000	2.000000	0.0000
5	83	82	14	8.000000	2.000000	0.0000
5	84	84	14	16.000000	2.000000	0.0000
5	55	18	15	4.000000	2.000000	0.0000
5	152	37	11	4.000000	4.000000	0.0000
5	122	41	16	4.000000	2.000000	0.0000
5	100	91	16	4.000000	2.000000	0.0000
5	114	22	16	8.000000	2.000000	0.0000
5	62	20	16	16.000000	2.000000	0.0000
5	124	18	12	16.000000	4.000000	0.0000
5	108	24	17	4.000000	2.000000	0.0000
5	98	80	17	4.000000	2.000000	0.0000
5	74	12	13	4.000000	4.000000	0.0000
5	98	58	17	8.000000	2.000000	0.0000
5	143	45	13	8.000000	4.000000	0.0000
5	82	82	13	32.000000	4.000000	0.0000
5	88	92	17	64.000000	2.000000	0.0000
5	48	17	18	4.000000	2.000000	0.0000
5	87	20	18	4.000000	2.000000	0.0000
5	105	49	18	4.000000	2.000000	0.0000
5	96	58	18	4.000000	2.000000	0.0000
5	51	22	14	4.000000	4.000000	0.0000
5	68	37	14	4.000000	4.000000	0.0000
5	141	45	14	4.000000	4.000000	0.0000
5	89	65	14	4.000000	4.000000	0.0000
5	82	81	14	4.000000	4.000000	0.0000
5	67	97	14	4.000000	4.000000	0.0000
5	48	18	18	8.000000	2.000000	0.0000
5	48	26	14	8.000000	4.000000	0.0000
5	66	36	14	8.000000	4.000000	0.0000
5	83	83	14	8.000000	4.000000	0.0000
5	68	96	14	8.000000	4.000000	0.0000
5	98	46	18	16.000000	2.000000	0.0000
5	94	68	18	16.000000	2.000000	0.0000
5	90	88	18	16.000000	2.000000	0.0000
5	84	84	14	16.000000	4.000000	0.0000
5	100	46	18	32.000000	2.000000	0.0000
5	88	86	18	32.000000	2.000000	0.0000
5	44	21	19	4.000000	2.000000	0.0000
5	92	35	19	4.000000	2.000000	0.0000
5	106	41	19	4.000000	2.000000	0.0000
5	69	71	19	4.000000	2.000000	0.0000
5	89	19	19	8.000000	2.000000	0.0000
5	113	21	15	8.000000	4.000000	0.0000
5	89	68	15	8.000000	4.000000	0.0000
5	92	20	19	16.000000	2.000000	0.0000
5	94	18	19	32.000000	2.000000	0.0000
5	104	44	19	64.000000	2.000000	0.0000
5	112	80	19	64.000000	2.000000	0.0000
5	85	71	20	4.000000	2.000000	0.0000
5	91	88	20	4.000000	2.000000	0.0000
5	97	80	16	4.000000	4.000000	0.0000
5	99	92	16	4.000000	4.000000	0.0000
5	87	72	20	8.000000	2.000000	0.0000
5	90	88	20	8.000000	2.000000	0.0000
5	133	31	16	8.000000	4.000000	0.0000
5	96	32	20	16.000000	2.000000	0.0000
5	91	30	21	4.000000	2.000000	0.0000
5	126	41	21	4.000000	2.000000	0.0000
5	52	19	17	4.000000	4.000000	0.0000
5	112	24	17	4.000000	4.000000	0.0000
5	106	49	17	4.000000	4.000000	0.0000
5	97	58	17	4.000000	4.000000	0.0000
5	93	30	21	8.000000	2.000000	0.0000
5	66	38	21	8.000000	2.000000	0.0000
5	98	58	17	8.000000	4.000000	0.0000
5	88	84	17	32.000000	4.000000	0.0000
5	68	69	22	4.000000	2.000000	0.0000
5	77	97	22	4.000000	2.000000	0.0000
5	120	43	18	4.000000	4.000000	0.0000
5	77	95	22	8.000000	2.000000	0.0000
5	96	82	22	32.000000	2.000000	0.0000
5	72	8	23	4.000000	2.000000	0.0000
5	66	17	23	4.000000	2.000000	0.0000
5	66	41	23	4.000000	2.000000	0.0000
5	86	20	19	4.000000	4.000000	0.0000
5	106	41	19	4.000000	4.000000	0.0000
5	65	19	23	8.000000	2.000000	0.0000
5	89	20	19	8.000000	4.000000	0.0000
5	91	87	19	8.000000	4.000000	0.0000
5	64	36	23	16.000000	2.000000	0.0000
5	62	40	23	32.000000	2.000000	0.0000
5	100	46	19	32.000000	4.000000	0.0000
5	64	52	23	64.000000	2.000000	0.0000
5	143	33	24	4.000000	2.000000	0.0000
5	74	80	24	4.000000	2.000000	0.0000
5	92	87	20	4.000000	4.000000	0.0000
5	76	9	24	8.000000	2.000000	0.0000
5	65	38	20	8.000000	4.000000	0.0000
5	87	72	20	8.000000	4.000000	0.0000
5	92	20	20	16.000000	4.000000	0.0000
5	94	18	20	32.000000	4.000000	0.0000
5	80	84	24	64.000000	2.000000	0.0000
5	104	48	20	64.000000	4.000000	0.0000
5	89	23	25	4.000000	2.000000	0.0000
5	147	33	25	4.000000	2.000000	0.0000
5	77	97	21	4.000000	4.000000	0.0000
5	90	20	25	8.000000	2.000000	0.0000
5	143	40	25	8.000000	2.000000	0.0000
5	64	38	21	16.000000	4.000000	0.0000
5	100	88	21	64.000000	4.000000	0.0000
5	67	11	26	4.000000	2.000000	0.0000
5	85	18	26	4.000000	2.000000	0.0000
5	151	33	26	4.000000	2.000000	0.0000
5	90	39	26	4.000000	2.000000	0.0000
5	143	44	26	4.000000	2.000000	0.0000
5	91	29	22	4.000000	4.000000	0.0000
5	68	69	22	4.000000	4.000000	0.0000
5	67	10	26	8.000000	2.000000	0.0000
5	91	37	26	8.000000	2.000000	0.0000
5	76	84	26	32.000000	2.000000	0.0000
5	78	78	27	4.000000	2.000000	0.0000
5	65	82	27	4.000000	2.000000	0.0000
5	60	93	27	4.000000	2.000000	0.0000
5	71	9	23	4.000000	4.000000	0.0000
5	142	34	23	4.000000	4.000000	0.0000
5	78	80	27	8.000000	2.000000	0.0000
5	61	93	27	8.000000	2.000000	0.0000
5	92	38	27	16.000000	2.000000	0.0000
5	78	84	27	16.000000	2.000000	0.0000
5	62	40	23	32.000000	4.000000	0.0000
5	88	69	28	4.000000	2.000000	0.0000
5	147	33	24	4.000000	4.000000	0.0000
5	73	80	24	4.000000	4.000000	0.0000
5	76	9	24	8.000000	4.000000	0.0000
5	144	39	24	8.000000	4.000000	0.0000
5	94	44	28	32.000000	2.000000	0.0000
5	80	84	24	64.000000	4.000000	0.0000
5	97	15	29	4.000000	2.000000	0.0000
5	143	42	25	4.000000	4.000000	0.0000
5	147	39	25	8.000000	4.000000	0.0000
5	78	10	25	16.000000	4.000000	0.0000
5	116	18	30	4.000000	2.000000	0.0000
5	94	79	30	4.000000	2.000000	0.0000
5	97	92	30	4.000000	2.000000	0.0000
5	98	19	26	4.000000	4.000000	0.0000
5	99	15	30	8.000000	2.000000	0.0000
5	78	84	26	32.000000	4.000000	0.0000
5	79	8	31	4.000000	2.000000	0.0000
5	119	18	31	4.000000	2.000000	0.0000
5	68	10	27	4.000000	4.000000	0.0000
5	101	18	27	4.000000	4.000000	0.0000
5	88	69	27	4.000000	4.000000	0.0000
5	77	78	27	4.000000	4.000000	0.0000
5	60	93	27	4.000000	4.000000	0.0000
5	118	18	31	8.000000	2.000000	0.0000
5	94	91	31	8.000000	2.000000	0.0000
5	78	81	27	8.000000	4.000000	0.0000
5	61	93	27	8.000000	4.000000	0.0000
5	92	38	27	16.000000	4.000000	0.0000
5	66	81	28	4.000000	4.000000	0.0000
5	121	18	32	8.000000	2.000000	0.0000
5	88	72	28	8.000000	4.000000	0.0000
5	78	84	28	16.000000	4.000000	0.0000
5	80	84	32	64.000000	2.000000	0.0000
5	33	36	33	4.000000	2.000000	0.0000
5	84	70	33	4.000000	2.000000	0.0000
5	112	18	29	4.000000	4.000000	0.0000
5	94	80	29	4.000000	4.000000	0.0000
5	32	35	33	8.000000	2.000000	0.0000
5	85	72	33	8.000000	2.000000	0.0000
5	90	90	33	16.000000	2.000000	0.0000
5	26	34	33	32.000000	2.000000	0.0000
5	28	36	33	64.000000	2.000000	0.0000
5	32	40	33	128.000000	2.000000	0.0000
5	132	14	34	4.000000	2.000000	0.0000
5	145	18	34	4.000000	2.000000	0.0000
5	12	20	34	4.000000	2.000000	0.0000
5	91	90	34	4.000000	2.000000	0.0000
5	75	97	34	4.000000	2.000000	0.0000
5	131	15	34	8.000000	2.000000	0.0000
5	33	37	34	8.000000	2.000000	0.0000
5	90	90	34	8.000000	2.000000	0.0000
5	88	76	34	16.000000	2.000000	0.0000
5	83	11	35	4.000000	2.000000	0.0000
5	134	14	35	4.000000	2.000000	0.0000
5	42	16	35	4.000000	2.000000	0.0000
5	153	25	35	4.000000	2.000000	0.0000
5	43	27	35	4.000000	2.000000	0.0000
5	134	14	35	8.000000	2.000000	0.0000
5	146	17	35	8.000000	2.000000	0.0000
5	65	65	35	8.000000	2.000000	0.0000
5	115	17	31	8.000000	4.000000	0.0000
5	144	16	35	16.000000	2.000000	0.0000
5	64	28	35	16.000000	2.000000	0.0000
5	62	66	35	16.000000	2.000000	0.0000
5	146	14	35	32.000000	2.000000	0.0000
5	64	86	35	32.000000	2.000000	0.0000
5	96	92	35	64.000000	2.000000	0.0000
5	140	6	36	4.000000	2.000000	0.0000
5	18	31	36	4.000000	2.000000	0.0000
5	11	52	32	4.000000	4.000000	0.0000
5	140	5	36	8.000000	2.000000	0.0000
5	18	30	36	8.000000	2.000000	0.0000
5	92	90	32	8.000000	4.000000	0.0000
5	16	30	36	16.000000	2.000000	0.0000
5	90	90	32	16.000000	4.000000	0.0000
5	66	26	36	32.000000	2.000000	0.0000
5	142	6	37	4.000000	2.000000	0.0000
5	151	6	37	4.000000	2.000000	0.0000
5	83	18	37	4.000000	2.000000	0.0000
5	67	57	37	4.000000	2.000000	0.0000
5	72	81	37	4.000000	2.000000	0.0000
5	91	90	33	4.000000	4.000000	0.0000
5	86	72	33	8.000000	4.000000	0.0000
5	26	34	33	32.000000	4.000000	0.0000
5	28	36	33	64.000000	4.000000	0.0000
5	36	40	33	128.000000	4.000000	0.0000
5	66	51	38	4.000000	2.000000	0.0000
5	146	18	34	4.000000	4.000000	0.0000
5	33	36	34	4.000000	4.000000	0.0000
5	85	69	34	4.000000	4.000000	0.0000
5	145	6	38	8.000000	2.000000	0.0000
5	65	16	38	8.000000	2.000000	0.0000
5	64	49	38	8.000000	2.000000	0.0000
5	58	42	38	32.000000	2.000000	0.0000
5	74	82	38	32.000000	2.000000	0.0000
5	144	16	34	32.000000	4.000000	0.0000
5	66	14	39	4.000000	2.000000	0.0000
5	65	35	39	4.000000	2.000000	0.0000
5	65	45	39	4.000000	2.000000	0.0000
5	67	62	39	4.000000	2.000000	0.0000
5	87	66	39	4.000000	2.000000	0.0000
5	15	20	35	4.000000	4.000000	0.0000
5	154	26	35	4.000000	4.000000	0.0000
5	45	27	35	4.000000	4.000000	0.0000
5	147	6	39	8.000000	2.000000	0.0000
5	85	13	39	8.000000	2.000000	0.0000
5	63	35	39	8.000000	2.000000	0.0000
5	88	66	39	8.000000	2.000000	0.0000
5	146	17	35	8.000000	4.000000	0.0000
5	60	40	39	16.000000	2.000000	0.0000
5	90	66	39	16.000000	2.000000	0.0000
5	76	80	39	16.000000	2.000000	0.0000
5	144	18	35	16.000000	4.000000	0.0000
5	62	66	35	16.000000	4.000000	0.0000
5	66	84	35	32.000000	4.000000	0.0000
5	90	57	40	4.000000	2.000000	0.0000
5	77	78	40	4.000000	2.000000	0.0000
5	152	6	36	4.000000	4.000000	0.0000
5	82	17	36	4.000000	4.000000	0.0000
5	70	81	36	4.000000	4.000000	0.0000
5	77	79	40	8.000000	2.000000	0.0000
5	77	25	36	8.000000	4.000000	0.0000
5	46	28	36	8.000000	4.000000	0.0000
5	20	30	36	8.000000	4.000000	0.0000
5	20	28	36	16.000000	4.000000	0.0000
5	62	30	36	16.000000	4.000000	0.0000
5	100	88	36	64.000000	4.000000	0.0000
5	58	95	41	4.000000	2.000000	0.0000
5	20	31	37	4.000000	4.000000	0.0000
5	59	95	41	8.000000	2.000000	0.0000
5	85	16	37	8.000000	4.000000	0.0000
5	88	14	41	16.000000	2.000000	0.0000
5	90	30	41	16.000000	2.000000	0.0000
5	90	32	41	32.000000	2.000000	0.0000
5	68	28	37	32.000000	4.000000	0.0000
5	88	34	42	4.000000	2.000000	0.0000
5	93	79	42	4.000000	2.000000	0.0000
5	29	89	42	4.000000	2.000000	0.0000
5	95	93	42	4.000000	2.000000	0.0000
5	65	51	38	4.000000	4.000000	0.0000
5	86	66	38	4.000000	4.000000	0.0000
5	89	31	42	8.000000	2.000000	0.0000
5	84	12	38	8.000000	4.000000	0.0000
5	65	61	38	8.000000	4.000000	0.0000
5	87	67	38	8.000000	4.000000	0.0000
5	88	32	42	64.000000	2.000000	0.0000
5	123	19	43	4.000000	2.000000	0.0000
5	61	24	43	4.000000	2.000000	0.0000
5	95	90	43	4.000000	2.000000	0.0000
5	67	62	39	4.000000	4.000000	0.0000
5	94	90	43	8.000000	2.000000	0.0000
5	146	6	39	8.000000	4.000000	0.0000
5	67	15	39	8.000000	4.000000	0.0000
5	73	27	39	8.000000	4.000000	0.0000
5	62	35	39	8.000000	4.000000	0.0000
5	60	38	39	16.000000	4.000000	0.0000
5	90	66	39	16.000000	4.000000	0.0000
5	72	80	39	16.000000	4.000000	0.0000
5	70	82	39	32.000000	4.000000	0.0000
5	92	36	43	128.000000	2.000000	0.0000
5	113	12	44	4.000000	2.000000	0.0000
5	80	19	44	4.000000	2.000000	0.0000
5	103	30	44	4.000000	2.000000	0.0000
5	73	82	44	4.000000	2.000000	0.0000
5	41	87	44	4.000000	2.000000	0.0000
5	67	13	40	4.000000	4.000000	0.0000
5	64	35	40	4.000000	4.000000	0.0000
5	77	79	40	4.000000	4.000000	0.0000
5	66	6	44	8.000000	2.000000	0.0000
5	104	29	44	8.000000	2.000000	0.0000
5	76	80	40	8.000000	4.000000	0.0000
5	122	12	44	16.000000	2.000000	0.0000
5	28	76	44	128.000000	2.000000	0.0000
5	65	5	45	4.000000	2.000000	0.0000
5	125	12	45	4.000000	2.000000	0.0000
5	58	55	45	4.000000	2.000000	0.0000
5	72	59	45	4.000000	2.000000	0.0000
5	58	95	41	4.000000	4.000000	0.0000
5	124	12	45	8.000000	2.000000	0.0000
5	109	65	45	8.000000	2.000000	0.0000
5	60	95	41	8.000000	4.000000	0.0000
5	86	14	41	16.000000	4.000000	0.0000
5	144	14	45	32.000000	2.000000	0.0000
5	90	32	41	32.000000	4.000000	0.0000
5	40	68	45	64.000000	2.000000	0.0000
5	82	23	46	4.000000	2.000000	0.0000
5	115	32	46	4.000000	2.000000	0.0000
5	72	25	42	4.000000	4.000000	0.0000
5	91	80	42	4.000000	4.000000	0.0000
5	55	55	46	8.000000	2.000000	0.0000
5	116	65	46	8.000000	2.000000	0.0000
5	88	31	42	8.000000	4.000000	0.0000
5	92	79	42	8.000000	4.000000	0.0000
5	50	54	46	16.000000	2.000000	0.0000
5	116	64	46	16.000000	2.000000	0.0000
5	88	30	42	16.000000	4.000000	0.0000
5	48	74	46	32.000000	2.000000	0.0000
5	128	14	42	32.000000	4.000000	0.0000
5	88	32	42	64.000000	4.000000	0.0000
5	75	12	47	4.000000	2.000000	0.0000
5	133	19	47	4.000000	2.000000	0.0000
5	122	55	47	4.000000	2.000000	0.0000
5	80	63	47	4.000000	2.000000	0.0000
5	80	19	43	4.000000	4.000000	0.0000
5	97	22	43	4.000000	4.000000	0.0000
5	88	34	43	4.000000	4.000000	0.0000
5	95	89	43	4.000000	4.000000	0.0000
5	55	60	47	8.000000	2.000000	0.0000
5	81	66	47	8.000000	2.000000	0.0000
5	94	90	43	8.000000	4.000000	0.0000
5	132	40	47	16.000000	2.000000	0.0000
5	124	14	43	16.000000	4.000000	0.0000
5	92	90	43	16.000000	4.000000	0.0000
5	88	36	43	128.000000	4.000000	0.0000
5	20	5	48	4.000000	2.000000	0.0000
5	77	16	48	4.000000	2.000000	0.0000
5	63	98	48	4.000000	2.000000	0.0000
5	109	19	44	4.000000	4.000000	0.0000
5	102	31	44	4.000000	4.000000	0.0000
5	84	88	48	8.000000	2.000000	0.0000
5	67	6	44	8.000000	4.000000	0.0000
5	123	12	44	8.000000	4.000000	0.0000
5	138	44	48	32.000000	2.000000	0.0000
5	59	61	49	4.000000	2.000000	0.0000
5	85	86	49	4.000000	2.000000	0.0000
5	69	97	49	4.000000	2.000000	0.0000
5	65	5	45	4.000000	4.000000	0.0000
5	76	11	45	4.000000	4.000000	0.0000
5	125	12	45	4.000000	4.000000	0.0000
5	106	56	45	4.000000	4.000000	0.0000
5	62	84	49	8.000000	2.000000	0.0000
5	108	65	45	8.000000	4.000000	0.0000
5	112	30	45	16.000000	4.000000	0.0000
5	144	44	49	32.000000	2.000000	0.0000
5	61	11	50	4.000000	2.000000	0.0000
5	143	17	50	4.000000	2.000000	0.0000
5	80	21	50	4.000000	2.000000	0.0000
5	138	36	50	4.000000	2.000000	0.0000
5	58	66	50	4.000000	2.000000	0.0000
5	64	81	50	4.000000	2.000000	0.0000
5	85	81	50	4.000000	2.000000	0.0000
5	115	32	46	4.000000	4.000000	0.0000
5	145	16	50	8.000000	2.000000	0.0000
5	83	21	50	8.000000	2.000000	0.0000
5	141	37	50	8.000000	2.000000	0.0000
5	112	65	46	8.000000	4.000000	0.0000
5	148	44	50	32.000000	2.000000	0.0000
5	67	80	51	4.000000	2.000000	0.0000
5	133	19	47	4.000000	4.000000	0.0000
5	70	26	47	4.000000	4.000000	0.0000
5	83	55	47	4.000000	4.000000	0.0000
5	121	55	47	4.000000	4.000000	0.0000
5	82	63	47	8.000000	4.000000	0.0000
5	81	62	48	4.000000	4.000000	0.0000
5	57	61	48	8.000000	4.000000	0.0000
5	88	20	52	16.000000	2.000000	0.0000
5	58	10	52	32.000000	2.000000	0.0000
5	61	61	49	4.000000	4.000000	0.0000
5	61	84	49	8.000000	4.000000	0.0000
5	62	84	49	16.000000	4.000000	0.0000
5	70	82	53	32.000000	2.000000	0.0000
5	57	15	54	4.000000	2.000000	0.0000
5	14	19	54	4.000000	2.000000	0.0000
5	85	66	54	4.000000	2.000000	0.0000
5	59	82	54	4.000000	2.000000	0.0000
5	67	88	54	4.000000	2.000000	0.0000
5	52	93	54	4.000000	2.000000	0.0000
5	61	12	50	4.000000	4.000000	0.0000
5	88	80	50	4.000000	4.000000	0.0000
5	63	81	50	4.000000	4.000000	0.0000
5	58	16	54	8.000000	2.000000	0.0000
5	5	22	54	8.000000	2.000000	0.0000
5	58	84	54	8.000000	2.000000	0.0000
5	54	93	54	8.000000	2.000000	0.0000
5	146	16	50	8.000000	4.000000	0.0000
5	88	82	50	8.000000	4.000000	0.0000
5	72	82	54	16.000000	2.000000	0.0000
5	68	88	54	64.000000	2.000000	0.0000
5	8	31	55	4.000000	2.000000	0.0000
5	88	41	55	4.000000	2.000000	0.0000
5	72	78	55	4.000000	2.000000	0.0000
5	6	103	55	4.000000	2.000000	0.0000
5	146	17	51	4.000000	4.000000	0.0000
5	60	16	55	8.000000	2.000000	0.0000
5	11	21	55	8.000000	2.000000	0.0000
5	6	30	55	8.000000	2.000000	0.0000
5	72	79	55	8.000000	2.000000	0.0000
5	6	103	55	8.000000	2.000000	0.0000
5	143	40	51	8.000000	4.000000	0.0000
5	60	16	55	16.000000	2.000000	0.0000
5	77	18	56	4.000000	2.000000	0.0000
5	79	23	56	4.000000	2.000000	0.0000
5	60	29	56	4.000000	2.000000	0.0000
5	12	31	56	4.000000	2.000000	0.0000
5	143	38	52	4.000000	4.000000	0.0000
5	82	23	56	8.000000	2.000000	0.0000
5	11	30	56	8.000000	2.000000	0.0000
5	88	22	56	16.000000	2.000000	0.0000
5	84	29	57	4.000000	2.000000	0.0000
5	15	31	57	4.000000	2.000000	0.0000
5	90	80	57	4.000000	2.000000	0.0000
5	16	110	57	4.000000	2.000000	0.0000
5	14	111	57	4.000000	2.000000	0.0000
5	11	18	53	4.000000	4.000000	0.0000
5	14	30	57	8.000000	2.000000	0.0000
5	9	19	53	8.000000	4.000000	0.0000
5	62	10	53	32.000000	4.000000	0.0000
5	70	80	53	32.000000	4.000000	0.0000
5	80	88	58	4.000000	2.000000	0.0000
5	96	89	58	4.000000	2.000000	0.0000
5	60	14	54	4.000000	4.000000	0.0000
5	42	17	54	4.000000	4.000000	0.0000
5	60	81	54	4.000000	4.000000	0.0000
5	68	87	54	4.000000	4.000000	0.0000
5	53	93	54	4.000000	4.000000	0.0000
5	62	11	58	8.000000	2.000000	0.0000
5	95	89	58	8.000000	2.000000	0.0000
5	59	83	54	8.000000	4.000000	0.0000
5	54	93	54	8.000000	4.000000	0.0000
5	61	12	59	4.000000	2.000000	0.0000
5	13	77	59	4.000000	2.000000	0.0000
5	36	23	55	4.000000	4.000000	0.0000
5	7	31	55	4.000000	4.000000	0.0000
5	59	32	55	4.000000	4.000000	0.0000
5	72	78	55	4.000000	4.000000	0.0000
5	33	18	59	8.000000	2.000000	0.0000
5	5	30	55	8.000000	4.000000	0.0000
5	72	79	55	8.000000	4.000000	0.0000
5	62	12	55	16.000000	4.000000	0.0000
5	72	80	55	16.000000	4.000000	0.0000
5	76	18	56	4.000000	4.000000	0.0000
5	79	23	56	4.000000	4.000000	0.0000
5	61	26	56	4.000000	4.000000	0.0000
5	83	31	56	4.000000	4.000000	0.0000
5	36	18	60	8.000000	2.000000	0.0000
5	23	105	60	8.000000	2.000000	0.0000
5	36	22	56	8.000000	4.000000	0.0000
5	154	34	61	4.000000	2.000000	0.0000
5	84	64	61	4.000000	2.000000	0.0000
5	81	71	61	4.000000	2.000000	0.0000
5	25	80	61	4.000000	2.000000	0.0000
5	24	104	61	4.000000	2.000000	0.0000
5	63	10	57	4.000000	4.000000	0.0000
5	81	72	61	8.000000	2.000000	0.0000
5	26	80	61	8.000000	2.000000	0.0000
5	63	11	57	8.000000	4.000000	0.0000
5	81	24	57	8.000000	4.000000	0.0000
5	24	104	61	16.000000	2.000000	0.0000
5	86	22	57	16.000000	4.000000	0.0000
5	64	20	61	32.000000	2.000000	0.0000
5	7	10	62	4.000000	2.000000	0.0000
5	64	23	62	4.000000	2.000000	0.0000
5	67	60	62	4.000000	2.000000	0.0000
5	34	79	62	4.000000	2.000000	0.0000
5	91	85	62	4.000000	2.000000	0.0000
5	70	98	62	4.000000	2.000000	0.0000
5	28	40	58	4.000000	4.000000	0.0000
5	90	80	58	4.000000	4.000000	0.0000
5	80	88	58	4.000000	4.000000	0.0000
5	95	89	58	4.000000	4.000000	0.0000
5	8	11	62	8.000000	2.000000	0.0000
5	63	22	62	8.000000	2.000000	0.0000
5	65	60	62	8.000000	2.000000	0.0000
5	65	74	62	8.000000	2.000000	0.0000
5	67	82	62	8.000000	2.000000	0.0000
5	6	109	62	8.000000	2.000000	0.0000
5	64	72	62	16.000000	2.000000	0.0000
5	66	84	62	16.000000	2.000000	0.0000
5	38	108	62	16.000000	2.000000	0.0000
5	62	72	62	32.000000	2.000000	0.0000
5	5	24	63	4.000000	2.000000	0.0000
5	11	91	63	4.000000	2.000000	0.0000
5	6	110	63	4.000000	2.000000	0.0000
5	13	77	59	4.000000	4.000000	0.0000
5	92	84	63	8.000000	2.000000	0.0000
5	30	18	59	8.000000	4.000000	0.0000
5	94	89	59	8.000000	4.000000	0.0000
5	10	12	63	16.000000	2.000000	0.0000
5	56	36	63	128.000000	2.000000	0.0000
5	82	15	64	4.000000	2.000000	0.0000
5	42	55	64	4.000000	2.000000	0.0000
5	43	59	64	4.000000	2.000000	0.0000
5	16	83	64	4.000000	2.000000	0.0000
5	13	91	64	4.000000	2.000000	0.0000
5	43	24	60	4.000000	4.000000	0.0000
5	84	63	60	4.000000	4.000000	0.0000
5	23	104	60	4.000000	4.000000	0.0000
5	16	111	60	4.000000	4.000000	0.0000
5	27	13	64	8.000000	2.000000	0.0000
5	14	84	64	8.000000	2.000000	0.0000
5	34	18	60	8.000000	4.000000	0.0000
5	23	103	60	8.000000	4.000000	0.0000
5	94	84	64	16.000000	2.000000	0.0000
5	20	104	60	16.000000	4.000000	0.0000
5	10	22	64	32.000000	2.000000	0.0000
5	96	84	64	32.000000	2.000000	0.0000
5	104	88	64	64.000000	2.000000	0.0000
5	64	20	60	64.000000	4.000000	0.0000
5	50	19	65	4.000000	2.000000	0.0000
5	22	23	65	4.000000	2.000000	0.0000
5	50	30	65	4.000000	2.000000	0.0000
5	50	55	65	4.000000	2.000000	0.0000
5	51	59	65	4.000000	2.000000	0.0000
5	90	60	65	4.000000	2.000000	0.0000
5	18	91	65	4.000000	2.000000	0.0000
5	32	103	65	4.000000	2.000000	0.0000
5	33	110	65	4.000000	2.000000	0.0000
5	43	110	65	4.000000	2.000000	0.0000
5	63	23	61	4.000000	4.000000	0.0000
5	65	60	61	4.000000	4.000000	0.0000
5	25	81	61	4.000000	4.000000	0.0000
5	39	16	65	8.000000	2.000000	0.0000
5	49	20	65	8.000000	2.000000	0.0000
5	47	30	65	8.000000	2.000000	0.0000
5	92	59	65	8.000000	2.000000	0.0000
5	32	107	65	8.000000	2.000000	0.0000
5	64	60	61	8.000000	4.000000	0.0000
5	86	65	61	8.000000	4.000000	0.0000
5	64	72	61	16.000000	4.000000	0.0000
5	56	32	65	64.000000	2.000000	0.0000
5	91	32	66	4.000000	2.000000	0.0000
5	39	82	66	4.000000	2.000000	0.0000
5	35	97	66	4.000000	2.000000	0.0000
5	151	33	62	4.000000	4.000000	0.0000
5	91	81	62	4.000000	4.000000	0.0000
5	92	84	62	4.000000	4.000000	0.0000
5	92	32	66	8.000000	2.000000	0.0000
5	92	52	66	8.000000	2.000000	0.0000
5	38	84	66	8.000000	2.000000	0.0000
5	43	110	66	8.000000	2.000000	0.0000
5	151	34	62	8.000000	4.000000	0.0000
5	26	82	62	8.000000	4.000000	0.0000
5	9	110	62	8.000000	4.000000	0.0000
5	60	72	62	32.000000	4.000000	0.0000
5	58	94	67	4.000000	2.000000	0.0000
5	53	112	67	4.000000	2.000000	0.0000
5	59	93	67	8.000000	2.000000	0.0000
5	46	109	67	8.000000	2.000000	0.0000
5	8	11	63	8.000000	4.000000	0.0000
5	93	83	63	8.000000	4.000000	0.0000
5	58	82	67	16.000000	2.000000	0.0000
5	62	92	67	16.000000	2.000000	0.0000
5	10	12	63	16.000000	4.000000	0.0000
5	30	84	63	16.000000	4.000000	0.0000
5	54	80	67	32.000000	2.000000	0.0000
5	56	32	63	128.000000	4.000000	0.0000
5	112	7	68	4.000000	2.000000	0.0000
5	83	15	68	4.000000	2.000000	0.0000
5	94	17	68	4.000000	2.000000	0.0000
5	67	23	68	4.000000	2.000000	0.0000
5	62	79	68	4.000000	2.000000	0.0000
5	17	83	64	4.000000	4.000000	0.0000
5	7	110	64	4.000000	4.000000	0.0000
5	38	110	64	4.000000	4.000000	0.0000
5	87	18	68	8.000000	2.000000	0.0000
5	61	80	68	8.000000	2.000000	0.0000
5	15	85	64	8.000000	4.000000	0.0000
5	90	20	68	16.000000	2.000000	0.0000
5	96	84	64	16.000000	4.000000	0.0000
5	60	30	68	32.000000	2.000000	0.0000
5	10	22	64	32.000000	4.000000	0.0000
5	98	84	64	32.000000	4.000000	0.0000
5	115	6	69	4.000000	2.000000	0.0000
5	66	36	69	4.000000	2.000000	0.0000
5	67	65	69	4.000000	2.000000	0.0000
5	124	108	69	4.000000	2.000000	0.0000
5	51	31	65	4.000000	4.000000	0.0000
5	50	55	65	4.000000	4.000000	0.0000
5	89	60	65	4.000000	4.000000	0.0000
5	65	22	69	8.000000	2.000000	0.0000
5	65	35	69	8.000000	2.000000	0.0000
5	65	66	69	8.000000	2.000000	0.0000
5	127	107	69	8.000000	2.000000	0.0000
5	25	23	65	8.000000	4.000000	0.0000
5	48	30	65	8.000000	4.000000	0.0000
5	91	60	65	8.000000	4.000000	0.0000
5	41	110	65	8.000000	4.000000	0.0000
5	62	32	69	16.000000	2.000000	0.0000
5	104	88	65	64.000000	4.000000	0.0000
5	104	16	70	4.000000	2.000000	0.0000
5	142	73	70	4.000000	2.000000	0.0000
5	64	110	70	4.000000	2.000000	0.0000
5	78	110	70	4.000000	2.000000	0.0000
5	113	111	70	4.000000	2.000000	0.0000
5	25	22	66	4.000000	4.000000	0.0000
5	40	82	66	4.000000	4.000000	0.0000
5	68	95	70	8.000000	2.000000	0.0000
5	130	107	70	8.000000	2.000000	0.0000
5	112	114	70	8.000000	2.000000	0.0000
5	77	37	66	8.000000	4.000000	0.0000
5	92	52	66	8.000000	4.000000	0.0000
5	126	78	70	16.000000	2.000000	0.0000
5	96	22	70	32.000000	2.000000	0.0000
5	56	28	66	64.000000	4.000000	0.0000
5	79	79	71	4.000000	2.000000	0.0000
5	127	79	71	4.000000	2.000000	0.0000
5	142	110	71	4.000000	2.000000	0.0000
5	90	31	67	4.000000	4.000000	0.0000
5	58	93	67	4.000000	4.000000	0.0000
5	139	51	71	8.000000	2.000000	0.0000
5	80	80	71	8.000000	2.000000	0.0000
5	76	96	71	8.000000	2.000000	0.0000
5	144	110	71	8.000000	2.000000	0.0000
5	91	30	67	8.000000	4.000000	0.0000
5	59	93	67	8.000000	4.000000	0.0000
5	126	36	71	16.000000	2.000000	0.0000
5	80	82	71	16.000000	2.000000	0.0000
5	104	28	71	64.000000	2.000000	0.0000
5	52	80	67	64.000000	4.000000	0.0000
5	112	32	71	128.000000	2.000000	0.0000
5	114	15	72	4.000000	2.000000	0.0000
5	123	32	72	4.000000	2.000000	0.0000
5	127	84	72	4.000000	2.000000	0.0000
5	78	98	72	4.000000	2.000000	0.0000
5	83	15	68	4.000000	4.000000	0.0000
5	84	17	68	4.000000	4.000000	0.0000
5	64	80	68	4.000000	4.000000	0.0000
5	114	16	72	8.000000	2.000000	0.0000
5	125	36	72	8.000000	2.000000	0.0000
5	128	83	72	8.000000	2.000000	0.0000
5	78	95	72	8.000000	2.000000	0.0000
5	146	110	72	8.000000	2.000000	0.0000
5	87	19	68	8.000000	4.000000	0.0000
5	63	80	68	8.000000	4.000000	0.0000
5	114	18	72	16.000000	2.000000	0.0000
5	90	22	68	16.000000	4.000000	0.0000
5	60	80	68	16.000000	4.000000	0.0000
5	126	24	72	32.000000	2.000000	0.0000
5	58	80	68	32.000000	4.000000	0.0000
5	66	31	73	4.000000	2.000000	0.0000
5	92	35	73	4.000000	2.000000	0.0000
5	116	60	73	4.000000	2.000000	0.0000
5	99	114	73	4.000000	2.000000	0.0000
5	103	17	69	4.000000	4.000000	0.0000
5	106	21	69	4.000000	4.000000	0.0000
5	67	64	69	4.000000	4.000000	0.0000
5	93	35	73	8.000000	2.000000	0.0000
5	96	34	73	16.000000	2.000000	0.0000
5	62	32	69	16.000000	4.000000	0.0000
5	98	32	73	32.000000	2.000000	0.0000
5	60	30	69	32.000000	4.000000	0.0000
5	51	16	74	4.000000	2.000000	0.0000
5	24	24	74	4.000000	2.000000	0.0000
5	111	37	74	4.000000	2.000000	0.0000
5	88	65	74	4.000000	2.000000	0.0000
5	142	103	74	4.000000	2.000000	0.0000
5	66	34	70	4.000000	4.000000	0.0000
5	23	25	74	8.000000	2.000000	0.0000
5	88	68	74	8.000000	2.000000	0.0000
5	94	88	74	8.000000	2.000000	0.0000
5	65	22	70	8.000000	4.000000	0.0000
5	65	34	70	8.000000	4.000000	0.0000
5	65	67	70	8.000000	4.000000	0.0000
5	126	108	70	8.000000	4.000000	0.0000
5	94	88	74	16.000000	2.000000	0.0000
5	69	66	75	4.000000	2.000000	0.0000
5	94	88	75	4.000000	2.000000	0.0000
5	153	102	75	4.000000	2.000000	0.0000
5	138	50	71	4.000000	4.000000	0.0000
5	67	110	71	4.000000	4.000000	0.0000
5	66	21	75	8.000000	2.000000	0.0000
5	124	35	75	8.000000	2.000000	0.0000
5	154	102	75	8.000000	2.000000	0.0000
5	140	51	71	8.000000	4.000000	0.0000
5	100	78	75	32.000000	2.000000	0.0000
5	104	76	75	64.000000	2.000000	0.0000
5	112	32	71	128.000000	4.000000	0.0000
5	21	14	76	4.000000	2.000000	0.0000
5	146	15	76	4.000000	2.000000	0.0000
5	69	22	76	4.000000	2.000000	0.0000
5	71	97	76	4.000000	2.000000	0.0000
5	117	99	76	4.000000	2.000000	0.0000
5	113	15	72	4.000000	4.000000	0.0000
5	114	24	72	4.000000	4.000000	0.0000
5	124	32	72	4.000000	4.000000	0.0000
5	127	80	72	4.000000	4.000000	0.0000
5	120	110	72	4.000000	4.000000	0.0000
5	65	14	76	8.000000	2.000000	0.0000
5	114	17	72	8.000000	4.000000	0.0000
5	127	81	72	8.000000	4.000000	0.0000
5	116	18	72	16.000000	4.000000	0.0000
5	58	24	76	32.000000	2.000000	0.0000
5	104	28	72	64.000000	4.000000	0.0000
5	67	12	77	4.000000	2.000000	0.0000
5	94	79	77	4.000000	2.000000	0.0000
5	78	97	77	4.000000	2.000000	0.0000
5	79	98	73	4.000000	4.000000	0.0000
5	138	17	77	8.000000	2.000000	0.0000
5	128	82	73	16.000000	4.000000	0.0000
5	128	26	73	32.000000	4.000000	0.0000
5	100	8	78	4.000000	2.000000	0.0000
5	136	17	78	4.000000	2.000000	0.0000
5	133	29	78	4.000000	2.000000	0.0000
5	93	31	78	4.000000	2.000000	0.0000
5	74	80	78	4.000000	2.000000	0.0000
5	139	86	78	4.000000	2.000000	0.0000
5	135	92	78	4.000000	2.000000	0.0000
5	68	23	74	4.000000	4.000000	0.0000
5	92	33	74	4.000000	4.000000	0.0000
5	136	83	78	8.000000	2.000000	0.0000
5	93	33	74	8.000000	4.000000	0.0000
5	138	14	78	16.000000	2.000000	0.0000
5	96	32	74	16.000000	4.000000	0.0000
5	126	36	74	16.000000	4.000000	0.0000
5	94	86	74	16.000000	4.000000	0.0000
5	136	10	78	32.000000	2.000000	0.0000
5	98	30	74	32.000000	4.000000	0.0000
5	14	19	79	4.000000	2.000000	0.0000
5	44	24	79	4.000000	2.000000	0.0000
5	138	92	79	4.000000	2.000000	0.0000
5	148	110	79	4.000000	2.000000	0.0000
5	24	25	75	4.000000	4.000000	0.0000
5	89	65	75	4.000000	4.000000	0.0000
5	153	102	75	4.000000	4.000000	0.0000
5	93	20	79	8.000000	2.000000	0.0000
5	125	35	75	8.000000	4.000000	0.0000
5	89	68	75	8.000000	4.000000	0.0000
5	95	87	75	8.000000	4.000000	0.0000
5	153	101	75	8.000000	4.000000	0.0000
5	94	18	79	16.000000	2.000000	0.0000
5	38	16	79	32.000000	2.000000	0.0000
5	35	15	80	4.000000	2.000000	0.0000
5	146	15	76	4.000000	4.000000	0.0000
5	96	86	76	4.000000	4.000000	0.0000
5	116	14	80	8.000000	2.000000	0.0000
5	35	15	80	8.000000	2.000000	0.0000
5	36	16	80	16.000000	2.000000	0.0000
5	98	80	76	16.000000	4.000000	0.0000
5	98	20	80	32.000000	2.000000	0.0000
5	78	82	80	32.000000	2.000000	0.0000
5	100	78	76	32.000000	4.000000	0.0000
5	66	82	76	32.000000	4.000000	0.0000
5	104	76	76	64.000000	4.000000	0.0000
5	100	14	81	4.000000	2.000000	0.0000
5	81	28	81	4.000000	2.000000	0.0000
5	81	78	81	4.000000	2.000000	0.0000
5	135	30	77	4.000000	4.000000	0.0000
5	96	79	77	4.000000	4.000000	0.0000
5	119	99	77	4.000000	4.000000	0.0000
5	136	10	81	8.000000	2.000000	0.0000
5	118	13	81	8.000000	2.000000	0.0000
5	97	80	77	8.000000	4.000000	0.0000
5	34	6	82	4.000000	2.000000	0.0000
5	114	7	82	4.000000	2.000000	0.0000
5	83	9	82	4.000000	2.000000	0.0000
5	136	10	82	4.000000	2.000000	0.0000
5	91	65	82	4.000000	2.000000	0.0000
5	62	92	82	4.000000	2.000000	0.0000
5	137	15	78	4.000000	4.000000	0.0000
5	43	24	78	4.000000	4.000000	0.0000
5	132	93	78	4.000000	4.000000	0.0000
5	81	79	82	8.000000	2.000000	0.0000
5	63	92	82	8.000000	2.000000	0.0000
5	82	82	82	16.000000	2.000000	0.0000
5	64	92	82	16.000000	2.000000	0.0000
5	136	10	78	32.000000	4.000000	0.0000
5	34	23	83	4.000000	2.000000	0.0000
5	66	80	83	4.000000	2.000000	0.0000
5	13	20	79	4.000000	4.000000	0.0000
5	7	24	79	4.000000	4.000000	0.0000
5	72	80	79	4.000000	4.000000	0.0000
5	141	86	79	4.000000	4.000000	0.0000
5	127	97	79	8.000000	4.000000	0.0000
5	138	10	79	16.000000	4.000000	0.0000
5	56	20	83	32.000000	2.000000	0.0000
5	126	9	84	4.000000	2.000000	0.0000
5	27	45	84	4.000000	2.000000	0.0000
5	98	80	84	4.000000	2.000000	0.0000
5	102	91	84	4.000000	2.000000	0.0000
5	36	14	80	4.000000	4.000000	0.0000
5	24	16	80	4.000000	4.000000	0.0000
5	80	22	80	4.000000	4.000000	0.0000
5	129	98	80	4.000000	4.000000	0.0000
5	148	110	80	4.000000	4.000000	0.0000
5	29	40	84	8.000000	2.000000	0.0000
5	99	80	84	8.000000	2.000000	0.0000
5	101	90	84	8.000000	2.000000	0.0000
5	137	11	80	8.000000	4.000000	0.0000
5	36	15	80	8.000000	4.000000	0.0000
5	38	16	80	16.000000	4.000000	0.0000
5	137	10	81	4.000000	4.000000	0.0000
5	19	19	81	4.000000	4.000000	0.0000
5	154	93	81	4.000000	4.000000	0.0000
5	70	8	85	8.000000	2.000000	0.0000
5	81	34	81	8.000000	4.000000	0.0000
5	62	24	85	16.000000	2.000000	0.0000
5	98	90	85	16.000000	2.000000	0.0000
5	82	36	81	16.000000	4.000000	0.0000
5	76	82	81	32.000000	4.000000	0.0000
5	69	8	86	4.000000	2.000000	0.0000
5	58	28	86	4.000000	2.000000	0.0000
5	56	39	86	4.000000	2.000000	0.0000
5	93	88	86	4.000000	2.000000	0.0000
5	34	7	82	4.000000	4.000000	0.0000
5	114	7	82	4.000000	4.000000	0.0000
5	69	32	82	4.000000	4.000000	0.0000
5	90	65	82	4.000000	4.000000	0.0000
5	80	78	82	4.000000	4.000000	0.0000
5	62	92	82	4.000000	4.000000	0.0000
5	65	24	86	8.000000	2.000000	0.0000
5	80	80	82	8.000000	4.000000	0.0000
5	64	93	82	8.000000	4.000000	0.0000
5	60	42	86	16.000000	2.000000	0.0000
5	80	82	82	16.000000	4.000000	0.0000
5	56	48	86	64.000000	2.000000	0.0000
5	80	56	86	64.000000	2.000000	0.0000
5	80	80	86	64.000000	2.000000	0.0000
5	88	20	82	64.000000	4.000000	0.0000
5	44	56	86	128.000000	2.000000	0.0000
5	56	44	87	32.000000	2.000000	0.0000
5	85	18	88	4.000000	2.000000	0.0000
5	54	50	88	4.000000	2.000000	0.0000
5	144	8	84	4.000000	4.000000	0.0000
5	71	9	84	4.000000	4.000000	0.0000
5	37	23	84	4.000000	4.000000	0.0000
5	79	27	84	4.000000	4.000000	0.0000
5	97	80	84	4.000000	4.000000	0.0000
5	67	81	84	4.000000	4.000000	0.0000
5	102	91	84	4.000000	4.000000	0.0000
5	91	31	88	8.000000	2.000000	0.0000
5	43	36	88	8.000000	2.000000	0.0000
5	72	9	84	8.000000	4.000000	0.0000
5	98	81	84	8.000000	4.000000	0.0000
5	101	90	84	8.000000	4.000000	0.0000
5	94	30	88	16.000000	2.000000	0.0000
5	60	56	88	16.000000	2.000000	0.0000
5	98	82	84	16.000000	4.000000	0.0000
5	98	90	84	16.000000	4.000000	0.0000
5	96	28	88	32.000000	2.000000	0.0000
5	87	26	89	4.000000	2.000000	0.0000
5	41	32	89	4.000000	2.000000	0.0000
5	65	58	89	4.000000	2.000000	0.0000
5	57	27	85	4.000000	4.000000	0.0000
5	27	45	85	4.000000	4.000000	0.0000
5	89	26	89	8.000000	2.000000	0.0000
5	63	57	89	8.000000	2.000000	0.0000
5	89	88	89	8.000000	2.000000	0.0000
5	104	20	89	64.000000	2.000000	0.0000
5	93	9	90	4.000000	2.000000	0.0000
5	64	22	90	4.000000	2.000000	0.0000
5	88	80	90	4.000000	2.000000	0.0000
5	89	87	90	4.000000	2.000000	0.0000
5	72	97	90	4.000000	2.000000	0.0000
5	56	39	86	4.000000	4.000000	0.0000
5	93	87	86	4.000000	4.000000	0.0000
5	89	81	90	8.000000	2.000000	0.0000
5	73	96	90	8.000000	2.000000	0.0000
5	96	48	90	64.000000	2.000000	0.0000
5	56	48	86	64.000000	4.000000	0.0000
5	80	80	86	64.000000	4.000000	0.0000
5	52	52	86	128.000000	4.000000	0.0000
5	99	24	91	4.000000	2.000000	0.0000
5	87	58	91	4.000000	2.000000	0.0000
5	69	80	91	4.000000	2.000000	0.0000
5	82	9	91	8.000000	2.000000	0.0000
5	92	31	87	8.000000	4.000000	0.0000
5	53	39	87	8.000000	4.000000	0.0000
5	86	10	91	16.000000	2.000000	0.0000
5	94	32	87	16.000000	4.000000	0.0000
5	58	44	87	32.000000	4.000000	0.0000
